     0/199     7.38G      5.01      5.15         0      10.2        17       512    0.0486    0.0073   0.00327    0.0127      4.16      3.62         0
     1/199     7.06G      3.85      3.62         0      7.48        13       512         0         0   0.00365         0      3.96      2.91         0
     2/199     8.02G      3.89      3.05         0      6.94        17       512         0         0    0.0431         0      3.01      2.23         0
     3/199     8.02G      3.16      2.51         0      5.67        13       512         0         0     0.352         0      2.62      1.89         0
     4/199     8.02G      4.09       2.2         0      6.29        15       512         0         0     0.538         0      2.78      1.59         0
     5/199     8.02G      2.71      1.99         0      4.69        13       512     0.608    0.0228     0.612    0.0439      2.22      1.37         0
     6/199     8.02G      2.47      1.59         0      4.06        16       512     0.367     0.934     0.672     0.527      3.13      1.12         0
     7/199     8.02G      2.59      1.42         0      4.01        14       512     0.289     0.964     0.698     0.444      2.24       1.1         0
     8/199     8.02G       3.4      1.27         0      4.67        13       512     0.238     0.942     0.596      0.38      2.37      1.09         0
     9/199     8.02G      2.66      1.16         0      3.82        11       512     0.335      0.92     0.661     0.492      2.42     0.942         0
    10/199     8.02G      2.89      1.15         0      4.05        15       512     0.469     0.934     0.689     0.624      2.05     0.849         0
    11/199     8.02G      2.26      1.04         0       3.3        11       512     0.499     0.964      0.75     0.658      2.41      0.78         0
    12/199     8.02G      3.34      1.13         0      4.47        19       512     0.393     0.971     0.778      0.56      2.12     0.702         0
    13/199     8.02G      2.64      1.04         0      3.68        14       512     0.353     0.971     0.684     0.518      2.03     0.729         0
    14/199     8.02G      2.23     0.877         0      3.11        11       512     0.363     0.956     0.472     0.526      1.94     0.922         0
    15/199     8.02G      2.82     0.915         0      3.74        11       512      0.74     0.964     0.908     0.837      1.72     0.668         0
    16/199     8.02G       2.2     0.873         0      3.07        11       512     0.695     0.956     0.933     0.805      2.02     0.613         0
    17/199     8.02G      2.67     0.834         0       3.5        13       512     0.807     0.942     0.934     0.869      1.59     0.633         0
    18/199     8.02G      2.27     0.885         0      3.15        16       512     0.876     0.905     0.957      0.89      1.75      0.62         0
    19/199     8.02G      2.61     0.794         0       3.4        14       512     0.891     0.899     0.953     0.895      2.03     0.652         0
    20/199     8.02G      2.07     0.749         0      2.82        15       512     0.839     0.951     0.921     0.892      1.94     0.598         0
    21/199     8.02G      2.24     0.779         0      3.02        15       512     0.684     0.964     0.912       0.8      1.85     0.521         0
    22/199     8.02G       2.1     0.656         0      2.76        13       512     0.967     0.942     0.985     0.954      1.58     0.596         0
    23/199     8.02G      1.97     0.789         0      2.76        13       512      0.53     0.985     0.671      0.69      1.85     0.494         0
    24/199     8.02G      2.51      0.78         0      3.29        15       512     0.868     0.985     0.974     0.923      1.69     0.437         0
    25/199     8.02G      1.97      0.67         0      2.64        16       512     0.946     0.978     0.993     0.962      1.67      0.43         0
    26/199     8.02G       2.1     0.675         0      2.78        15       512      0.92     0.971      0.99     0.945      1.76     0.434         0
    27/199     8.02G      2.34     0.674         0      3.01        12       512      0.86     0.985     0.978     0.919      1.57      0.42         0
    28/199     8.02G      1.84     0.631         0      2.47        17       512     0.985     0.985     0.993     0.985      1.62      0.46         0
    29/199     8.02G      1.53     0.567         0       2.1        11       512     0.938     0.993     0.994     0.965      1.44     0.443         0
    30/199     8.02G      2.49     0.623         0      3.11        12       512     0.937     0.993     0.995     0.964      1.43     0.396         0
    31/199     8.02G      2.04     0.667         0      2.71        14       512     0.966     0.993     0.995     0.979      1.64     0.425         0
    32/199     8.02G      2.37     0.615         0      2.99        14       512      0.97     0.993     0.995     0.981      1.45     0.477         0
    33/199     8.02G      1.87     0.628         0       2.5        13       512     0.927     0.993     0.994     0.959      1.51     0.409         0
    34/199     8.02G       2.2     0.596         0      2.79        15       512     0.964     0.971     0.994     0.967      1.53     0.423         0
    35/199     8.02G      2.56     0.621         0      3.18        14       512     0.969     0.971     0.994      0.97      1.51     0.443         0
    36/199     8.02G      2.11     0.614         0      2.73        13       512     0.909     0.985      0.99     0.946      1.43     0.418         0
    37/199     8.02G      1.82     0.629         0      2.45        12       512     0.901     0.985     0.991     0.941      1.29     0.446         0
    38/199     8.02G      2.09     0.544         0      2.64        11       512     0.911         1     0.993     0.953      1.48     0.393         0
    39/199     8.02G      1.87     0.645         0      2.51        19       512     0.941     0.993     0.995     0.966      1.29      0.35         0
    40/199     8.02G      1.77     0.658         0      2.43        14       512     0.939     0.993     0.995     0.965      1.34     0.351         0
    41/199     8.02G      1.48     0.552         0      2.04        11       512     0.943     0.993     0.995     0.967      1.28     0.365         0
    42/199     8.02G      1.51     0.587         0      2.09        11       512     0.948         1     0.995     0.973      1.29     0.379         0
    43/199     8.02G      2.09     0.587         0      2.68        15       512      0.96     0.993     0.994     0.976      1.15     0.371         0
    44/199     8.02G      1.88     0.599         0      2.48        16       512     0.946     0.985     0.993     0.966      1.19     0.354         0
    45/199     8.02G      2.45     0.533         0      2.98        10       512      0.97     0.978     0.992     0.974      1.22     0.406         0
    46/199     8.02G      1.73     0.587         0      2.32        14       512     0.965     0.949     0.984     0.957      1.28     0.473         0
    47/199     8.02G      1.76     0.537         0       2.3        10       512     0.964     0.966     0.993     0.965      1.24     0.462         0
    48/199     8.02G      1.61     0.572         0      2.18        16       512     0.921     0.964     0.981     0.942      1.32     0.443         0
    49/199     8.02G      1.35     0.593         0      1.94        11       512     0.911     0.971      0.99      0.94      1.23     0.394         0
    50/199     8.02G      1.49     0.568         0      2.06        11       512     0.661     0.993     0.969     0.794      1.14     0.379         0
    51/199     8.02G      1.34     0.546         0      1.89        10       512     0.768     0.993     0.983     0.866      1.22     0.351         0
    52/199     8.02G       1.4     0.582         0      1.98        11       512     0.966     0.978     0.994     0.972      1.36     0.353         0
    53/199     8.02G      1.35     0.568         0      1.92        13       512     0.985     0.979     0.993     0.982      1.13     0.394         0
    54/199     8.02G      1.61     0.546         0      2.16        12       512     0.957     0.985     0.994     0.971      1.26     0.362         0
    55/199     8.02G      2.38     0.544         0      2.93        14       512     0.962     0.971     0.993     0.966      1.21     0.354         0
    56/199     8.02G      1.84     0.528         0      2.37        10       512     0.905     0.971      0.99     0.937      1.22     0.383         0
    57/199     8.02G      2.51     0.582         0      3.09        15       512     0.855     0.934     0.959     0.893      1.27     0.484         0
    58/199     8.02G      1.62     0.596         0      2.22        17       512     0.888      0.92     0.951     0.904       1.3     0.507         0
    59/199     8.02G      2.19     0.559         0      2.74        12       512     0.902     0.938     0.965      0.92      1.26     0.493         0
    60/199     8.02G      1.43     0.593         0      2.02        15       512     0.895     0.978     0.986     0.935      1.15     0.423         0
    61/199     8.02G      1.83     0.553         0      2.38        14       512     0.872     0.985     0.983     0.925      1.15     0.441         0
    62/199     8.02G      1.13       0.6         0      1.73        15       512     0.914         1     0.986     0.955      1.07     0.448         0
    63/199     8.02G      1.92     0.572         0       2.5        12       512     0.461     0.978     0.945     0.627      1.17     0.412         0
    64/199     8.02G      2.19      0.54         0      2.73        14       512     0.334     0.964     0.751     0.496      1.24     0.464         0
    65/199     8.02G      1.04     0.535         0      1.58        13       512     0.796     0.934     0.959     0.859      1.05     0.439         0
    66/199     8.02G      1.58      0.56         0      2.14        12       512     0.974     0.956     0.991     0.965      1.06     0.396         0
    67/199     8.02G      1.05     0.492         0      1.54        11       512     0.992      0.95     0.993     0.971      1.01     0.392         0
    68/199     8.02G      1.02      0.51         0      1.53        13       512     0.985     0.967     0.994     0.976      1.18      0.42         0
    69/199     8.02G      1.39      0.52         0      1.91        13       512     0.992     0.978     0.993     0.985      1.11     0.378         0
    70/199     8.02G      1.83     0.493         0      2.32        14       512     0.978     0.975     0.993     0.977      1.02     0.331         0
    71/199     8.02G      1.23     0.533         0      1.76        14       512     0.985     0.993     0.994     0.989     0.971     0.333         0
    72/199     8.02G      1.75     0.582         0      2.33        14       512     0.949         1     0.995     0.974      1.01      0.33         0
    73/199     8.02G      1.72     0.525         0      2.24        13       512     0.972         1     0.994     0.986     0.977     0.315         0
    74/199     8.02G      1.77     0.534         0       2.3        11       512     0.993     0.999     0.995     0.996      0.95     0.304         0
    75/199     8.02G         1     0.466         0      1.47        15       512     0.993     0.993     0.995     0.993      1.06     0.316         0
    76/199     8.02G      1.77     0.451         0      2.22        15       512     0.967     0.978     0.993     0.973     0.987     0.351         0
    77/199     8.02G      2.19     0.478         0      2.66        13       512     0.957     0.985     0.994     0.971      1.02     0.353         0
    78/199     8.02G      1.93     0.515         0      2.45        15       512     0.968     0.978     0.993     0.973     0.951     0.317         0
    79/199     8.02G      1.19     0.464         0      1.65        16       512     0.978     0.977     0.994     0.978     0.932     0.305         0
    80/199     8.02G      1.37     0.442         0      1.81        14       512     0.971     0.988     0.994     0.979      1.03      0.32         0
    81/199     8.02G      1.52     0.494         0      2.02        17       512     0.924     0.971     0.993     0.947     0.924     0.341         0
    82/199     8.02G       1.4     0.471         0      1.87        16       512     0.856     0.942     0.953     0.897         1     0.356         0
    83/199     8.02G      1.38     0.513         0      1.89        17       512     0.858     0.969      0.98      0.91     0.983     0.359         0
    84/199     8.02G      2.14     0.419         0      2.56        13       512     0.926     0.985     0.992     0.955      1.01     0.356         0
    85/199     8.02G     0.907      0.48         0      1.39        11       512     0.918     0.975     0.991     0.945      1.05     0.346         0
    86/199     8.02G      2.26     0.457         0      2.72        14       512     0.957     0.993     0.993     0.974     0.887     0.375         0
    87/199     8.02G      1.02     0.454         0      1.47        14       512     0.931         1     0.995     0.964     0.932     0.391         0
    88/199     8.02G      1.61     0.496         0       2.1        13       512     0.934     0.993     0.995     0.963     0.955     0.385         0
    89/199     8.02G       2.1     0.453         0      2.56        11       512     0.935     0.993     0.994     0.963     0.956     0.382         0
    90/199     8.02G      1.16      0.44         0       1.6        16       512     0.949     0.993     0.994      0.97     0.996     0.339         0
    91/199     8.02G      2.12     0.465         0      2.58        11       512      0.96     0.993     0.994     0.976     0.977     0.327         0
    92/199     8.02G      1.37     0.464         0      1.84        17       512     0.948     0.993     0.994      0.97     0.967     0.331         0
    93/199     8.02G     0.875     0.406         0      1.28        13       512      0.97     0.993     0.994     0.981      0.94     0.328         0
    94/199     8.02G      1.08      0.43         0      1.51        17       512     0.966         1     0.994     0.983     0.866       0.3         0
    95/199     8.02G      1.88     0.481         0      2.36        12       512     0.967         1     0.994     0.983     0.879     0.289         0
    96/199     8.02G       1.5     0.491         0      1.99        14       512      0.96         1     0.994     0.979     0.882     0.283         0
    97/199     8.02G      1.13     0.433         0      1.56        13       512     0.957         1     0.994     0.978      1.04      0.28         0
    98/199     8.02G       1.8     0.423         0      2.22        13       512     0.971         1     0.994     0.985     0.866       0.3         0
    99/199     8.02G       1.3      0.43         0      1.73        12       512     0.973         1     0.994     0.986     0.906     0.334         0
   100/199     8.02G      1.34     0.452         0      1.79        12       512     0.979     0.999     0.994     0.989     0.825     0.322         0
   101/199     8.02G      1.04     0.399         0      1.44        13       512     0.978     0.997     0.994     0.987     0.919       0.3         0
   102/199     8.02G     0.747     0.414         0      1.16        13       512     0.976     0.993     0.994     0.984     0.892     0.294         0
   103/199     8.02G     0.996     0.369         0      1.36        15       512     0.978     0.992     0.994     0.985     0.814     0.285         0
   104/199     8.02G      1.27     0.428         0       1.7        13       512     0.978     0.992     0.995     0.985     0.839     0.305         0
   105/199     8.02G      2.04     0.396         0      2.43        13       512     0.979     0.993     0.995     0.986     0.853     0.304         0
   106/199     8.02G      1.56     0.368         0      1.93        15       512     0.979     0.993     0.995     0.986     0.822     0.286         0
   107/199     8.02G      1.04     0.373         0      1.41        12       512      0.98     0.993     0.995     0.986     0.883     0.288         0
   108/199     8.02G      1.51     0.461         0      1.97        16       512     0.991     0.993     0.995     0.992     0.824     0.293         0
   109/199     8.02G         2     0.406         0       2.4        10       512     0.986     0.993     0.995      0.99     0.819      0.28         0
   110/199     8.02G      1.26     0.352         0      1.61        15       512     0.986     0.999     0.995     0.992     0.819     0.276         0
   111/199     8.02G      1.73     0.421         0      2.15        14       512     0.972     0.995     0.995     0.983     0.787     0.273         0
   112/199     8.02G     0.823     0.392         0      1.22        14       512     0.978     0.993     0.995     0.985     0.803     0.273         0
   113/199     8.02G      1.26     0.385         0      1.65        16       512     0.985      0.99     0.995     0.988     0.771     0.262         0
   114/199     8.02G      1.11     0.434         0      1.55        17       512     0.985      0.99     0.995     0.988     0.791     0.257         0
   115/199     8.02G      1.93     0.348         0      2.28        12       512     0.983     0.985     0.995     0.984     0.755     0.254         0
   116/199     8.02G     0.899     0.375         0      1.27        14       512     0.988     0.985     0.995     0.987     0.797      0.24         0
   117/199     8.02G      1.21     0.397         0      1.61        13       512     0.987     0.985     0.995     0.986     0.788     0.234         0
   118/199     8.02G     0.926     0.366         0      1.29        11       512     0.987     0.985     0.995     0.986     0.756     0.243         0
   119/199     8.02G     0.889     0.347         0      1.24        12       512     0.987     0.985     0.995     0.986     0.858      0.25         0
   120/199     8.02G      1.16     0.388         0      1.54        13       512     0.978     0.985     0.995     0.982     0.802     0.262         0
   121/199     8.02G      1.45     0.354         0      1.81        18       512     0.981     0.985     0.995     0.983     0.796     0.261         0
   122/199     8.02G      1.15     0.344         0      1.49        12       512      0.99     0.985     0.995     0.987      0.74     0.253         0
   123/199     8.02G     0.849     0.369         0      1.22        11       512     0.993     0.989     0.995     0.991     0.754     0.271         0
   124/199     8.02G      1.67     0.379         0      2.05        15       512     0.993     0.985     0.995     0.989     0.759     0.276         0
   125/199     8.02G      1.11     0.377         0      1.48        12       512     0.993     0.985     0.995     0.989      0.74     0.263         0
   126/199     8.02G      1.14     0.314         0      1.45        13       512         1     0.992     0.995     0.996     0.763     0.249         0
   127/199     8.02G      1.36     0.328         0      1.69        15       512         1     0.998     0.995     0.999     0.728     0.256         0
   128/199     8.02G      1.09     0.341         0      1.43        13       512     0.993     0.998     0.995     0.995     0.738     0.274         0
   129/199     8.02G      1.61     0.328         0      1.94        14       512         1     0.993     0.995     0.997     0.772     0.285         0
   130/199     8.02G      1.65     0.361         0      2.01        15       512     0.988     0.993     0.995      0.99     0.752     0.267         0
   131/199     8.02G      1.33     0.359         0      1.69        19       512     0.993     0.998     0.995     0.995     0.724     0.252         0
   132/199     8.02G     0.827     0.354         0      1.18        12       512     0.991         1     0.995     0.995     0.685     0.238         0
   133/199     8.02G      0.84     0.352         0      1.19        12       512         1     0.993     0.995     0.996      0.71     0.258         0
   134/199     8.02G      1.07     0.312         0      1.38        14       512         1     0.993     0.995     0.996     0.755     0.251         0
   135/199     8.02G      0.82     0.316         0      1.14        17       512      0.99     0.993     0.995     0.992     0.775     0.252         0
   136/199     8.02G     0.904      0.34         0      1.24        15       512     0.991     0.993     0.995     0.992     0.701     0.244         0
   137/199     8.02G      1.05     0.352         0      1.41        11       512     0.993     0.993     0.995     0.993     0.719     0.238         0
   138/199     8.02G      1.33     0.362         0       1.7        12       512     0.986     0.992     0.995     0.989     0.681     0.248         0
   139/199     8.02G      1.03      0.31         0      1.34        10       512     0.982     0.993     0.995     0.987     0.713     0.254         0
   140/199     8.02G     0.792     0.371         0      1.16        15       512     0.988     0.993     0.995     0.991     0.701     0.242         0
   141/199     8.02G      1.01      0.27         0      1.28        12       512     0.989     0.993     0.995     0.991     0.711     0.237         0
   142/199     8.02G      1.05     0.297         0      1.34        16       512     0.985     0.993     0.995     0.989     0.721     0.242         0
   143/199     8.02G       1.6     0.324         0      1.92        10       512     0.983     0.993     0.995     0.988     0.689     0.243         0
   144/199     8.02G      1.01     0.302         0      1.31        12       512     0.982     0.993     0.995     0.987     0.672     0.225         0
   145/199     8.02G      1.54     0.307         0      1.85        14       512     0.983     0.993     0.995     0.988     0.665     0.222         0
   146/199     8.02G      1.28     0.324         0      1.61        12       512     0.983     0.993     0.995     0.988      0.65     0.228         0
   147/199     8.02G     0.442     0.341         0     0.783         9       512      0.98     0.993     0.995     0.986     0.657     0.236         0
   148/199     8.02G     0.783     0.323         0      1.11        15       512     0.978     0.993     0.995     0.986     0.685     0.241         0
   149/199     8.02G     0.774     0.303         0      1.08        14       512     0.978     0.993     0.995     0.985     0.653     0.248         0
   150/199     8.02G     0.723     0.337         0      1.06        13       512     0.978     0.993     0.995     0.985     0.641     0.238         0
   151/199     8.02G      1.25     0.327         0      1.58        15       512     0.976     0.993     0.995     0.984     0.639      0.24         0
   152/199     8.02G      1.51      0.25         0      1.76        14       512     0.976     0.993     0.995     0.984     0.676     0.251         0
   153/199     8.02G      1.26     0.334         0      1.59        15       512     0.977     0.993     0.995     0.985     0.632     0.251         0
   154/199     8.02G     0.734     0.322         0      1.06        13       512     0.976     0.993     0.995     0.984     0.652     0.247         0
   155/199     8.02G      1.99     0.312         0       2.3        13       512     0.975     0.993     0.995     0.984     0.623     0.234         0
   156/199     8.02G      1.24     0.328         0      1.57        16       512      0.97     0.993     0.995     0.981     0.625      0.22         0
   157/199     8.02G      1.23     0.304         0      1.54        12       512      0.97     0.993     0.995     0.981     0.629     0.215         0
   158/199     8.02G      1.17     0.318         0      1.49        13       512     0.975     0.993     0.995     0.984      0.63     0.212         0
   159/199     8.02G     0.946     0.301         0      1.25        10       512     0.983     0.985     0.995     0.984     0.666     0.211         0
   160/199     8.02G     0.439     0.275         0     0.714        13       512     0.981     0.985     0.995     0.983     0.626     0.207         0
   161/199     8.02G     0.721     0.301         0      1.02        12       512     0.982     0.985     0.995     0.984     0.645     0.208         0
   162/199     8.02G     0.944     0.298         0      1.24        15       512     0.979     0.985     0.995     0.982     0.641     0.204         0
   163/199     8.02G      1.26     0.307         0      1.57        12       512     0.978     0.986     0.995     0.982     0.633     0.203         0
   164/199     8.02G       0.4     0.307         0     0.707        14       512     0.978      0.99     0.995     0.984     0.644     0.204         0
   165/199     8.02G      0.95     0.287         0      1.24        12       512     0.978      0.99     0.995     0.984      0.63     0.205         0
   166/199     8.02G      1.21     0.269         0      1.47        12       512     0.978     0.993     0.995     0.985     0.624     0.194         0
   167/199     8.02G     0.702     0.283         0     0.985        15       512     0.978     0.993     0.995     0.985      0.64     0.191         0
   168/199     8.02G      1.49     0.319         0      1.81        16       512     0.978     0.985     0.995     0.982     0.631     0.194         0
   169/199     8.02G     0.663     0.285         0     0.947        13       512     0.979     0.985     0.995     0.982     0.626     0.197         0
   170/199     8.02G      0.44     0.298         0     0.739        14       512     0.986     0.993     0.995     0.989     0.631     0.204         0
   171/199     8.02G      0.95     0.294         0      1.24        17       512     0.982     0.993     0.995     0.988     0.628     0.205         0
   172/199     8.02G     0.933     0.244         0      1.18        10       512     0.986     0.997     0.995     0.991     0.627     0.208         0
   173/199     8.02G      1.17     0.251         0      1.43        12       512     0.986     0.997     0.995     0.991     0.622     0.205         0
   174/199     8.02G     0.398     0.242         0      0.64        13       512     0.985         1     0.995     0.993     0.616     0.197         0
   175/199     8.02G     0.934     0.285         0      1.22        17       512     0.982         1     0.995     0.991     0.618     0.194         0
   176/199     8.02G      1.43     0.276         0       1.7        14       512     0.982         1     0.995     0.991     0.619     0.193         0
   177/199     8.02G     0.907     0.266         0      1.17        16       512     0.981         1     0.995     0.991     0.624     0.194         0
   178/199     8.02G     0.895     0.274         0      1.17        13       512     0.982         1     0.995     0.991     0.613     0.202         0
   179/199     8.02G      1.16     0.264         0      1.42        15       512     0.981         1     0.995     0.991      0.62     0.204         0
   180/199     8.02G      1.16     0.241         0       1.4        14       512     0.982         1     0.995     0.991     0.622     0.203         0
   181/199     8.02G      1.11     0.265         0      1.38        13       512     0.984         1     0.995     0.992     0.611       0.2         0
   182/199     8.02G      1.41     0.248         0      1.66        14       512     0.986         1     0.995     0.993     0.607     0.198         0
   183/199     8.02G     0.906     0.307         0      1.21        13       512     0.986     0.999     0.995     0.992     0.609     0.197         0
   184/199     8.02G     0.885     0.299         0      1.18        14       512      0.98     0.993     0.995     0.986     0.606     0.196         0
   185/199     8.02G     0.873     0.269         0      1.14        16       512      0.98     0.993     0.995     0.986     0.607     0.195         0
   186/199     8.02G     0.398       0.3         0     0.697        13       512      0.98     0.993     0.995     0.986     0.605     0.196         0
   187/199     8.02G     0.916     0.284         0       1.2        12       512      0.98     0.993     0.995     0.986     0.607     0.196         0
   188/199     8.02G     0.645     0.273         0     0.918        15       512      0.98     0.993     0.995     0.986     0.603     0.197         0
   189/199     8.02G     0.931     0.307         0      1.24        15       512     0.981     0.993     0.995     0.987     0.599     0.196         0
   190/199     8.02G      1.13     0.273         0       1.4        10       512     0.981     0.993     0.995     0.987     0.607     0.196         0
   191/199     8.02G     0.887     0.276         0      1.16        13       512      0.98     0.993     0.995     0.987     0.605     0.196         0
   192/199     8.02G     0.902     0.295         0       1.2        10       512     0.981     0.993     0.995     0.987     0.613     0.198         0
   193/199     8.02G     0.891     0.271         0      1.16        13       512      0.98     0.993     0.995     0.986     0.605     0.201         0
   194/199     8.02G      1.63     0.298         0      1.93        13       512     0.979     0.993     0.995     0.986     0.607     0.201         0
   195/199     8.02G     0.886     0.291         0      1.18        17       512      0.98     0.993     0.995     0.986     0.607     0.201         0
   196/199     8.02G     0.644     0.249         0     0.894        15       512      0.98     0.993     0.995     0.986     0.603     0.203         0
   197/199     8.02G     0.865     0.254         0      1.12        11       512     0.979     0.993     0.995     0.986     0.608     0.205         0
   198/199     8.02G      0.87     0.222         0      1.09        13       512     0.979     0.993     0.995     0.986     0.612     0.207         0
   199/199     8.02G      1.15     0.257         0       1.4        14       512     0.979     0.993     0.995     0.986     0.603     0.209         0
